((("lsh" .
   [0 0 1])
  ("sf" .
   [1 0])
  ("Emacs的无尽扩展" .
   [0 0 0 0 0 0 2 0 0 0])
  (":width" .
   [0 0 0 1 0 0])
  ("my-buffer-face-mode-varible" .
   [0 0 1 0 0 0 0 0 0 0 0 0 0 0 0 0 0 0 0 0 0 0 0 0 0 0 0])
  ("Info-mode-hook" .
   [0 0 0 0 0 0 0 0 0 0 0 0 1 0])
  ("Info-mode" .
   [0 0 0 0 0 0 0 1 0])
  ("Info" .
   [0 0 1 0])
  ("writestr" .
   [0 0 0 0 0 0 1 0])
  ("write" .
   [0 0 1 0 0])
  ("Write" .
   [0 0 1 0 0])
  ("close" .
   [1 0 0 0 0])
  ("epub" .
   [1 0 0 1])
  ("torus" .
   [0 0 0 1 0])
  ("全局算法" .
   [0 0 1 0])
  ("集合通信优化，树形结构，没有DMA引擎，硬件路由，并且包含一个ALU，对归约和广播操作进行优化" .
   [0 0 0 0 0 0 1 0 0 0 0 0 0 0 0 0 0 0 0 0 0 0 0 0 0 0 0 0 0 0 0 0 0 0 0 0 0 0 0 0 0 0 0 0 0 0 0])
  ("DMA" .
   [1 0 1])
  ("network，全局中断网络" .
   [0 0 1 0 0 0 0 0 0 0 0 0 0 0])
  ("collective" .
   [0 0 0 0 1 0 0 0 0 0])
  ("interrupt" .
   [0 0 1 0 0 0 0 0 0])
  ("global" .
   [0 0 0 0 1 0])
  ("tile" .
   [0 0 1 0])
  ("textContent" .
   [0 0 1 0 0 0 0 0 0 0 0])
  ("inner" .
   [0 0 0 1 0])
  ("let" .
   [0 0 1])
  ("1cm" .
   [1 0 0])
  ("emph" .
   [0 0 1 0])
  ("快速排序算法" .
   [1 0 0 0 0 0])
  ("endif" .
   [2 0 1 0 0])
  ("ifdef" .
   [1 0 0 0 1])
  ("id" .
   [1 0])
  ("tzolkin_day" .
   [0 0 2 0 0 0 0 0 0 1 0])
  ("day_index" .
   [0 0 3 0 0 0 0 0 0])
  ("tzolkincal" .
   [0 0 8 0 0 0 0 1 0 0])
  ("month_index" .
   [0 0 1 0 0 0 0 0 1 0 0])
  ("lookup" .
   [0 0 0 2 0 0])
  ("Haab_t" .
   [0 0 1 0 0 0])
  ("month" .
   [3 0 5 3 0])
  ("day_num" .
   [0 0 3 0 0 0 2])
  ("year" .
   [1 0 5 0])
  ("day_name" .
   [0 0 3 0 1 0 0 0])
  ("day" .
   [3 0 3])
  ("haabcal" .
   [0 0 18 0 0 0 0])
  ("in" .
   [2 0])
  ("scanf" .
   [0 0 1 0 1])
  ("max" .
   [1 0 0])
  ("d" .
   [7])
  ("goto" .
   [0 0 0 1])
  ("next" .
   [1 0 1 0])
  ("flag" .
   [1 0 3 0])
  ("static" .
   [0 0 0 0 1 0])
  ("square" .
   [0 0 0 1 0 0])
  ("good-enough?" .
   [0 0 0 1 0 0 0 0 0 0 0 0])
  ("averge" .
   [0 0 0 1 0 0])
  ("improve" .
   [0 0 0 0 1 0 0])
  ("sqrt-iter" .
   [0 0 0 0 0 1 1 0 0])
  ("guess" .
   [8 0 0 6 0])
  ("fibr" .
   [0 0 2 1])
  ("while" .
   [0 0 1 1 0])
  ("default" .
   [0 0 0 0 1 0 0])
  ("usetheme" .
   [0 0 1 0 0 0 0 0])
  ("quote" .
   [0 0 0 1 0])
  ("help" .
   [4 0 1 0])
  ("hello" .
   [3 0 1 0 1])
  ("itemize" .
   [0 0 0 0 3 0 0])
  ("enumerate" .
   [0 0 1 0 0 0 0 0 0])
  ("item" .
   [2 0 0 0])
  ("PCI总线简述" .
   [0 0 0 1 0 0 0])
  ("网卡驱动分析" .
   [0 0 1 0 0 0])
  ("request" .
   [0 0 1 2 0 0 0])
  ("dma" .
   [3 0 0])
  ("width=7cm" .
   [0 0 0 1 0 0 0 0 0])
  ("centered" .
   [0 0 0 0 1 0 0 0])
  ("left" .
   [1 0 0 0])
  ("minimum" .
   [0 0 2 0 0 0 0])
  ("e" .
   [2])
  ("east" .
   [4 0 0 0])
  ("init" .
   [2 0 0 0])
  ("true" .
   [0 0 1 0])
  ("mShowCheckBox" .
   [0 0 1 0 0 0 0 0 0 0 0 0 0])
  ("break" .
   [0 0 0 3 0])
  ("find-file" .
   [0 0 0 0 0 0 0 1 0])
  ("pyglist" .
   [0 0 2 1 0 0 0])
  ("/*e1000" .
   [0 0 0 1 0 0 0])
  ("e1000" .
   [5 0 0 0 1])
  ("/**" .
   [6 0 0])
  ("buff" .
   [1 0 0 0])
  ("skb" .
   [0 0 1])
  ("configure" .
   [0 0 1 0 0 0 0 0 0])
  ("clean" .
   [3 0 0 0 0])
  ("poll" .
   [2 0 0 0])
  ("comment" .
   [0 0 0 0 0 1 0])
  ("blue" .
   [1 0 0 0])
  ("number" .
   [0 0 0 1 0 0])
  ("lstlisting" .
   [0 0 1 1 0 0 0 0 0 0])
  ("end" .
   [12 0 1])
  ("language" .
   [0 0 0 1 1 0 0 0])
  ("xcolor" .
   [0 0 0 1 0 0])
  ("napi" .
   [3 0 1 0])
  ("eix" .
   [2 0 0])
  ("eix说明" .
   [0 0 0 1 0])
  ("layman" .
   [0 0 0 1 0 0])
  ("cedet" .
   [0 0 1 0 0])
  ("usepackage" .
   [0 0 3 1 0 0 0 0 0 0])
  ("dictionary" .
   [0 0 0 0 0 0 0 1 0 0])
  ("global-linum-mode" .
   [0 0 0 1 0 0 0 0 0 0 0 0 0 0 0 0 0])
  ("popup" .
   [3 0 0 0 0])
  ("indent" .
   [0 0 5 6 7 5])
  ("green" .
   [0 0 1 1 2])
  ("color" .
   [3 0 1 1 0])
  ("LaTeX" .
   [1 0 0 1 0])
  ("window-system" .
   [0 0 0 0 0 0 0 0 1 0 0 0 0])
  ("eq" .
   [2 0])
  ("when" .
   [1 0 0 0])
  ("***" .
   [0 0 1])
  ("dichromacy" .
   [0 0 0 1 0 0 0 0 0 0])
  ("NULL" .
   [1 0 0 0])
  ("pthread" .
   [0 0 0 0 0 1 0])
  ("read" .
   [1 0 0 0])
  ("SUCCESS" .
   [0 0 1 0 0 0 0])
  ("element_number" .
   [0 0 0 0 0 0 0 0 1 1 0 0 0 0])
  ("FAILED" .
   [0 0 1 0 0 0])
  ("slot_number" .
   [0 0 0 0 1 0 0 0 0 0 0])
  ("r" .
   [3])
  ("is_empty" .
   [0 0 0 0 2 0 0 0])
  ("is_full" .
   [0 0 1 0 1 0 0])
  ("else" .
   [0 0 0 2])
  ("data" .
   [17 0 2 2])
  ("element_t" .
   [0 0 1 5 1 0 0 0 0])
  ("typedef" .
   [0 0 2 0 0 0 0])
  ("malloc" .
   [0 0 2 0 1 1])
  ("get_data_from_queue" .
   [0 0 1 2 0 0 0 0 0 0 0 0 0 0 0 0 0 0 0])
  ("print_queue" .
   [0 0 2 0 0 0 0 1 0 0 0])
  ("sizeof" .
   [0 0 2 4 3 0])
  ("initialize_queue" .
   [0 0 0 1 0 0 0 0 0 0 0 0 0 0 0 0])
  ("add_data_to_queue" .
   [0 0 0 2 0 0 0 0 0 0 0 0 0 0 0 0 0])
  ("str" .
   [18 0 0])
  ("memcpy" .
   [0 0 1 1 0 0])
  ("size" .
   [6 0 1 0])
  ("len" .
   [3 0 0])
  ("rear" .
   [4 0 9 1])
  ("front" .
   [5 0 7 2 0])
  ("size_t" .
   [0 0 0 1 1 0])
  ("buf" .
   [8 0 0])
  ("u_char" .
   [7 0 0 1 0 0])
  ("Add_Queue_Item" .
   [0 0 0 1 0 0 0 0 0 0 0 0 0 0])
  ("Initialize_Queue" .
   [0 0 0 0 1 0 0 0 0 0 0 0 0 0 0 0])
  ("queue_t" .
   [1 0 1 0 0 0 0])
  ("queue" .
   [7 0 16 15 1])
  ("QUEUE_SIZE" .
   [3 0 7 1 1 0 1 0 0 0])
  ("QUEUE" .
   [0 0 2 0 0])
  ("define" .
   [0 0 12 1 0 0])
  ("pthread_cond" .
   [1 0 0 0 0 0 0 0 0 0 0 0])
  ("math" .
   [0 0 1 0])
  ("fuzzy" .
   [0 0 1 0 0])
  ("inc" .
   [8 0 5])
  ("graphviz-dot-mode" .
   [0 0 0 0 0 0 0 0 0 0 1 0 0 0 0 0 0])
  ("graphviz" .
   [0 0 0 0 0 0 0 1])
  ("p" .
   [1])
  ("my-c-mode-hook" .
   [0 0 1 0 1 0 0 0 0 0 0 0 0 0])
  ("after-init-hook" .
   [0 0 1 0 0 0 0 0 0 0 0 0 0 0 0])
  ("add-hook" .
   [0 0 1 1 0 0 0 0])
  ("fullscreen" .
   [0 0 0 0 1 0 0 0 0 0])
  ("basic-config" .
   [0 0 0 0 0 1 0 0 0 0 0 0])
  ("load-path" .
   [0 0 0 1 1 0 0 0 0])
  ("add-to-list" .
   [0 0 0 1 0 0 1 0 0 0 0])
  ("provide" .
   [0 0 0 2 2 0 0])
  ("sum" .
   [0 0 1])
  ("auto-fill-mode" .
   [0 0 0 0 0 0 0 1 0 1 0 0 0 0])
  ("scale" .
   [0 0 0 1 0])
  ("event" .
   [1 0 0 0 0])
  ("area_expose_cb" .
   [0 0 0 0 1 0 0 0 0 0 0 0 0 0])
  ("show" .
   [1 0 0 1])
  ("DrawPoint" .
   [0 1 0 0 0 0 0 0 0])
  ("gc" .
   [10 0])
  ("x" .
   [9])
  ("draw_point" .
   [0 3 1 1 0 0 0 0 0 0])
  ("w" .
   [1])
  ("get_style" .
   [0 0 0 1 0 0 0 0 0])
  ("style" .
   [1 0 0 1 0])
  ("drawable" .
   [0 4 7 1 0 0 0 0])
  ("Drawing" .
   [0 0 1 0 0 0 0])
  ("area" .
   [3 2 3 1])
  ("are" .
   [0 0 1])
  ("set_from_pixbuf" .
   [0 0 0 0 0 0 0 0 0 0 0 0 1 0 0])
  ("set_from_file" .
   [0 0 0 0 0 0 1 0 0 0 0 0 0])
  ("gtk_image" .
   [0 0 0 0 1 1 0 0 0])
  ("pimage" .
   [0 2 1 0 0 0])
  ("image_to_pixbuf" .
   [0 0 0 0 0 1 0 0 0 0 0 0 0 0 0])
  ("img" .
   [1 0 0])
  ("pixbuf" .
   [0 0 0 2 0 0])
  ("open" .
   [2 0 2 0])
  ("image" .
   [0 0 1 0 0])
  ("Image" .
   [0 2 1 0 0])
  ("PIL" .
   [3 0 0])
  ("i" .
   [16])
  ("StringIO" .
   [0 0 0 1 0 0 0 0])
  ("import" .
   [0 0 0 3 0 2])
  ("env" .
   [0 2 0])
  ("WINDOW_TOPLEVEL" .
   [0 1 0 0 0 0 0 0 0 0 0 0 0 0 0])
  ("Window" .
   [0 1 0 0 0 0])
  ("show_all" .
   [0 0 0 1 0 0 0 0])
  ("main_quit" .
   [0 1 0 0 0 0 0 0 0])
  ("connect" .
   [0 0 0 0 1 0 0])
  ("pack_start" .
   [0 0 1 0 0 0 0 0 0 0])
  ("halign" .
   [0 2 0 0 0 0])
  ("Alignment" .
   [0 1 0 0 0 0 0 0 0])
  ("clsbtn" .
   [0 1 0 0 0 0])
  ("add" .
   [6 0 0])
  ("hbox" .
   [2 1 1 0])
  ("okbtn" .
   [0 0 2 0 0])
  ("Button" .
   [0 2 0 0 0 0])
  ("valign" .
   [0 0 1 0 0 0])
  ("vbox" .
   [1 3 1 0])
  ("True" .
   [0 2 1 0])
  ("False" .
   [0 8 0 0 0])
  ("WIN_POS_CENTER" .
   [0 2 0 0 0 0 0 0 0 0 0 0 0 0])
  ("set_position" .
   [0 0 1 0 0 0 0 0 0 0 0 0])
  ("set_size_request" .
   [0 0 0 0 0 2 0 0 0 0 0 0 0 0 0 0])
  ("set_title" .
   [0 0 0 0 0 1 0 0 0])
  ("super" .
   [0 0 1 0 0])
  ("self" .
   [4 4 27 2])
  ("__init__" .
   [0 1 1 0 0 0 0 0])
  ("PyApp" .
   [0 3 1 0 0])
  ("Chow" .
   [0 1 0 0])
  ("Andy" .
   [0 1 0 0])
  ("author" .
   [0 0 0 1 0 0])
  ("a" .
   [3])
  ("Layout" .
   [0 1 0 0 0 0])
  ("program" .
   [0 0 1 0 0 0 0])
  ("learn" .
   [0 0 0 0 1])
  ("pygtk" .
   [0 1 0 0 0])
  ("python" .
   [0 1 0 0 0 1])
  ("bin" .
   [0 1 0])
  ("usr" .
   [0 1 2])
  ("window" .
   [0 5 2 3 0 0])
  ("argv" .
   [2 1 1 0])
  ("argc" .
   [1 1 0 0])
  ("gtk" .
   [2 20 9])
  ("t" .
   [5])
  ("zen-and-art" .
   [0 0 1 0 0 0 0 0 0 0 0])
  ("load-theme" .
   [0 0 0 2 3 0 0 0 0 0])
  ("const" .
   [0 0 0 1 0])
  ("List" .
   [1 1 0 0])
  ("ListNode" .
   [0 2 0 0 0 0 0 0])
  ("unsigned" .
   [0 1 5 1 0 0 0 0])
  ("include" .
   [0 0 5 5 0 2 0])
  ("swap" .
   [0 1 0 0])
  ("msg" .
   [1 0 0])
  ("string" .
   [0 0 1 0 0 0])
  ("message" .
   [6 1 7 4 4 0 0])
  ("private" .
   [0 0 1 0 0 1 0])
  ("tmp" .
   [1 0 0])
  ("this" .
   [0 0 1 0])
  ("other" .
   [0 0 2 0 0])
  ("using" .
   [0 1 1 0 0])
  ("c++-mode" .
   [0 0 0 1 0 0 0 0])
  ("c-mode" .
   [0 0 1 0 0 0])
  ("c-mode-common-hook" .
   [0 0 0 0 0 1 1 0 0 0 0 0 0 0 0 0 0 0])
  ("struct" .
   [0 0 3 5 0 0])
  ("Hello" .
   [0 2 2 0 0])
  ("t4" .
   [1 0])
  ("t3" .
   [1 0])
  ("t2" .
   [4 0])
  ("t0" .
   [0 1])
  ("T2" .
   [2 0])
  ("t1" .
   [4 1])
  ("void" .
   [0 2 3 0])
  ("T1" .
   [3 1])
  ("public" .
   [0 0 1 0 0 0])
  ("class" .
   [0 2 3 1 0])
  ("print" .
   [3 6 11 0 1])
  ("Test" .
   [2 3 3 1])
  ("endl" .
   [6 0 1 0])
  ("cout" .
   [6 0 0 1])
  ("c-cpp-config" .
   [0 0 1 0 0 0 0 0 0 0 0 0])
  ("int" .
   [0 1 2])
  ("main" .
   [6 1 15 3])
  ("printf" .
   [2 2 25 4 1 1])
  ("return" .
   [0 2 13 3 1 1])
  ("require" .
   [1 0 15 3 4 0 0])
  ("cc-mode" .
   [0 1 2 1 0 0 0])
  ("f3" .
   [3 1])
  ("D1" .
   [1 1])
  ("iostream" .
   [0 0 1 0 0 0 0 0])
  ("Node" .
   [3 3 3 0])
  ("node" .
   [7 0 0 3])
  ("no" .
   [1 0])
  ("n1" .
   [2 0])
  ("printInfo" .
   [0 2 1 0 0 0 0 1 0])
  ("n2" .
   [1 0])
  ("n3" .
   [2 0])
  ("n4" .
   [2 0])
  ("getNodeNo" .
   [2 0 1 1 1 0 0 0 0])
  ("getMessage" .
   [1 0 1 1 1 0 0 0 0 0])
  ("NODE_H" .
   [0 0 1 0 0 0])
  ("setNodeValue" .
   [0 0 0 0 0 0 0 0 0 1 0 0])
  ("inline" .
   [0 0 2 0 0 1])
  ("list" .
   [2 0 0 0])
  ("headInsert" .
   [0 0 1 0 0 0 0 0 0 0])
  ("filem" .
   [0 1 0 0 0])
  ("filemenu" .
   [0 0 2 0 0 0 0 0])
  ("mb" .
   [3 0])
  ("Menu" .
   [0 3 1 0])
  ("fileitem" .
   [1 0 0 0 0 0 0 0])
  ("MenuItem" .
   [0 0 0 0 0 1 0 0])
  ("Edit" .
   [0 0 1 0])
  ("edititem" .
   [0 0 1 0 0 1 0 0])
  ("set_submenu" .
   [0 0 0 0 0 1 0 0 0 0 0])
  ("editmenu" .
   [0 1 1 0 0 0 0 0])
  ("append" .
   [0 0 0 1 2 0])
  ("range" .
   [0 0 0 1 1])
  ("def" .
   [0 1 0])
  ("info" .
   [1 0 0 0])
  ("object" .
   [0 2 1 1 0 0])
  ("spacing" .
   [0 0 0 1 0 1 0])
  ("collapse" .
   [0 0 0 0 2 0 0 0])
  ("method" .
   [0 1 0 3 2 1])
  ("methodList" .
   [0 0 1 0 0 0 0 1 0 0])
  ("callable" .
   [0 0 1 0 0 0 0 0])
  ("getattr" .
   [0 2 0 0 0 0 0])
  ("n" .
   [3])
  ("processFunc" .
   [0 0 1 0 1 0 0 0 0 0 0])
  ("lambda" .
   [0 0 5 0 0 0])
  ("s" .
   [11])
  ("split" .
   [0 0 0 1 0])
  ("join" .
   [2 0 0 0])
  ("__doc__" .
   [0 0 2 0 0 0 0])
  ("ljust" .
   [0 0 0 1 0])
  ("__name__" .
   [0 0 1 0 0 0 0 0])
  ("clip_x_origin" .
   [0 0 1 0 0 0 0 0 0 0 0 0 0])
  ("SimpleDraw" .
   [0 1 0 0 0 0 0 0 0 0])
  ("colormap" .
   [0 0 0 1 0 0 0 0])
  ("red" .
   [1 0 0])
  ("cyan" .
   [0 0 1 0])
  ("set_foreground" .
   [0 0 0 0 0 1 0 0 0 0 0 0 0 0])
  ("navajowhite" .
   [0 1 1 0 0 0 0 0 0 0 0])
  ("draw_line" .
   [0 0 0 0 0 0 1 0 0])
  ("points" .
   [1 0 0 1 0 0])
  ("Gamma" .
   [0 0 0 1 1])
  ("xi" .
   [0 1])
  ("eta" .
   [0 2 1])
  ("begin" .
   [2 0 3 4 0])
  ("document" .
   [0 2 0 1 0 0 0 1])
  ("forall" .
   [0 1 0 0 0 0])
  ("documentclass" .
   [0 1 0 1 0 0 0 0 0 0 0 0 0])
  ("fullscreen-mode" .
   [1 0 0 0 0 0 0 0 0 0 0 0 0 0 0])
  ("if" .
   [2 0])
  ("c" .
   [4])
  ("configuration" .
   [0 0 0 0 0 1 0 0 0 0 0 0 0])
  ("c/c++配置" .
   [0 0 0 1 0 0 0])
  ("cc-mode-config" .
   [0 0 0 0 0 0 0 0 0 1 0 0 0 0])
  ("sqrt" .
   [0 0 8 0])
  ("pr" .
   [15 2])
  ("graphviz-dot-config" .
   [0 0 1 0 0 0 0 0 0 0 0 0 0 0 0 0 0 0 0])
  ("message-box" .
   [0 0 0 0 1 0 0 0 0 0 0])
  ("newcommand" .
   [0 0 1 1 0 0 0 0 0 0])
  ("newfontinstance" .
   [0 0 0 1 0 0 0 0 0 0 0 0 0 0 0])
  ("fontnamefzqt" .
   [0 0 0 2 1 0 0 0 0 0 0 0])
  ("FZQT" .
   [0 0 1 0])
  ("fzqt" .
   [0 0 1 0])
  ("time" .
   [1 0 0 0])
  ("count" .
   [1 0 0 0 0])
  ("快速排序" .
   [0 0 3 0])
  ("quicksort" .
   [0 0 4 1 3 3 0 0 0])
  ("State" .
   [4 0 1 8 0])
  ("partition" .
   [0 0 1 4 0 0 0 0 0])
  ("For" .
   [1 0 0])
  ("gets" .
   [5 0 0 0])
  ("pivo" .
   [1 0 0 0])
  ("EndFor" .
   [1 0 0 0 0 0])
  ("exchange" .
   [0 0 1 0 0 0 0 0])
  ("i+1" .
   [2 0 0])
  ("EndFunction" .
   [0 0 0 1 1 0 0 0 0 0 0])
  ("Function" .
   [0 0 0 1 0 0 0 0])
  ("erhao" .
   [0 0 1 0 0])
  ("hei" .
   [2 0 0])
  ("section" .
   [0 0 0 3 0 0 0])
  ("title" .
   [3 1 1 1 0])
  ("subexperiment" .
   [0 0 0 1 0 0 0 0 0 0 0 0 0])
  ("para" .
   [9 0 0 0])
  ("EndIf" .
   [1 0 0 0 0])
  ("r+1" .
   [3 0 0])
  ("id+2" .
   [1 0 0 0])
  ("send" .
   [1 0 0 0])
  ("OpenMP" .
   [0 0 2 0 2 0])
  ("MPI" .
   [2 0 2])
  ("result" .
   [0 0 0 1 0 0])
  ("快速排序MPI实现" .
   [0 0 2 0 0 0 0 0 0])
  ("实验结果与分析" .
   [0 0 0 0 0 1 0])
  ("analysis" .
   [0 0 0 1 0 0 0 0])
  ("experiment" .
   [0 0 6 0 1 0 0 0 0 0])
  ("学习情况" .
   [4 0 0 0])
  ("date" .
   [0 0 0 1])
  ("today" .
   [0 0 0 0 2])
  ("NAPI技术" .
   [0 0 7 1 5 0])
  ("NAPI技术简介" .
   [0 0 0 0 1 0 0 0])
  ("CPU" .
   [1 0 0])
  ("NAPI" .
   [5 0 0 0])
  ("NAPI驱动设计" .
   [1 0 0 0 0 0 1 0])
  ("//www" .
   [0 0 1 0 0])
  ("//申请中断" .
   [0 0 0 0 1 0])
  ("//申请中断，中断处理函数为" .
   [0 0 0 0 0 0 0 1 0 0 0 0 0 0])
  ("intr" .
   [1 0 0 0])
  ("kernel" .
   [0 0 0 1 0 0])
  ("probe" .
   [1 0 0 1 1])
  ("irq" .
   [0 0 1])
  ("defun" .
   [0 0 0 1 0])
  ("global-set-key" .
   [0 0 0 1 0 0 0 0 0 0 0 0 0 0])
  ("kb" .
   [1 0])
  ("ido-ubiquitous" .
   [0 0 0 0 0 1 0 0 0 0 0 0 0 0])
  ("idle-highlight-mode" .
   [0 0 0 0 1 0 0 0 0 0 0 0 0 0 0 0 0 0 0])
  ("of" .
   [1 0])
  ("frame" .
   [0 0 2 2 0])
  ("driver" .
   [0 0 6 0 0 0])
  ("fragile" .
   [0 0 0 0 1 0 0])
  ("frametitle" .
   [0 0 0 1 0 0 0 0 0 0])
  ("从PCI开始" .
   [0 0 0 0 1 0])
  ("DMA简介" .
   [0 0 0 1 0])
  ("DMA地址映射" .
   [0 0 0 1 0 1 0])
  ("map" .
   [1 0 0])
  ("single" .
   [0 0 0 0 2 0])
  ("e1000_reset" .
   [0 0 0 0 0 0 0 0 0 1 0])
  ("copy-enhanced" .
   [0 0 0 0 1 0 0 0 0 0 0 0 0])
  ("pci" .
   [2 0 0])
  ("config" .
   [0 0 1 0 0 0])
  ("draw" .
   [0 0 1 0])
  ("arrow" .
   [0 0 0 1 0])
  ("proc" .
   [1 0 0 2])
  ("netdev" .
   [0 0 0 1 0 0])
  ("rx" .
   [1 0])
  ("dashed" .
   [0 0 0 1 0 0])
  ("regular" .
   [0 0 0 1 0 0 0])
  ("register" .
   [0 0 0 0 1 0 0 0])
  ("start" .
   [0 0 0 0 1])
  ("distance=2cm" .
   [0 0 0 4 1 0 0 0 0 0 0 0])
  ("text" .
   [0 0 2 1])
  ("width=5cm" .
   [0 0 0 2 1 0 0 0 0])
  ("display" .
   [0 0 1 1 0 0 0])
  ("newline" .
   [0 0 0 1 0 0 0])
  ("condition" .
   [0 0 0 1 0 0 0 0 0])
  ("for" .
   [0 0 1])
  ("days" .
   [3 0 16 2])
  ("min" .
   [10 0 0])
  ("lisp" .
   [0 0 1 0])
  ("lisp-mode" .
   [0 0 0 0 0 1 0 0 0])
  ("lisp-mode-hook" .
   [0 0 0 0 0 0 0 0 0 0 0 1 0 0])
  ("paredit-mode" .
   [0 0 0 1 0 0 0 0 0 0 0 0])
  ("centering" .
   [0 0 1 0 0 0 0 0 0])
  ("fontnameroman" .
   [0 0 0 0 0 0 0 0 0 0 0 1 0])
  ("fontnamehei" .
   [0 0 0 0 0 0 0 0 0 0 1])
  ("fontnamesong" .
   [0 0 0 0 0 0 0 0 0 1 0 0])
  ("fontnamekai" .
   [0 0 0 0 0 0 0 0 0 0 1])
  ("OSError" .
   [0 0 1 0 0 0 0])
  ("fileinput" .
   [1 0 0 0 0 1 0 0 0])
  ("fname" .
   [1 0 0 0 0])
  ("line" .
   [3 0 0 0])
  ("dct" .
   [4 0 1])
  ("lst" .
   [1 0 0])
  ("from" .
   [0 0 1 0])
  ("EpubSection" .
   [0 0 2 1 0 1 1 0 0 0 0])
  ("Epub" .
   [0 0 1 0])
  ("html_files" .
   [0 0 4 0 0 0 0 0 0 0])
  ("get_section_file" .
   [0 0 2 0 0 0 0 0 0 0 0 0 0 0 0 0])
  (":style" .
   [0 0 0 3 0 0])
  ("labday" .
   [0 0 2 1 0 0])
  ("char" .
   [0 0 0 1])))
